59
10 20 20 10 10 10 20 10 10 20
10 10 10 10 20 10 20 10 10 10
20 10 20 10 20 10 20 10 10 10
10 10 20 10 10 10 10 10 10 20
20 10 20 10 10 20 10 10 20 10
10 10 20 10 10 20 20 10 10

35
10 10 10 10 10 10 10 10 10 10
10 10 10 10 10 10 10 10 10 10
10 10 10 10 10 10 10 10 10 10
10 10 10 10 10

35
10 10 20 20 10 10 20 10 10 10
20 10 10 20 10 10 20 10 10 10
20 10 20 10 20 10 10 10 10 10
10 10 20 20 10

89
100 100 200 200 100 100 200 100 100 100 200 100
100 200 100 100 200 100 200 200 100 100 100 100
100 100 200 100 200 100 200 100 200 100 100 100
100 100 200 100 100 100 100 200 200 100 100 100
100 100 100 200 200 100 200 100 100 200 100 100
200 100 100 100 100 100 100 100 100 100 200 100
100 100 100 100 200 100 100 100 100 100 200 100
100 100 200 200 100

89
100 200 200 100 100 100 200 100 100 100 100 100
200 100 100 100 100 100 200 100 100 100 100 100
100 100 100 100 200 100 100 200 100 100 200 100
200 200 100 100 100 100 100 100 200 200 100 100
100 100 200 100 100 100 100 100 200 100 200 100
200 100 200 100 100 100 100 100 100 200 200 100
200 100 100 200 100 100 200 100 100 100 200 100
100 200 200 100 100

35
100 200 200 100 100 100 200 100 100 100 100 100
200 100 200 100 100 100 200 100 100 200 100 100
200 100 100 100 200 100 100 200 200 100 100

149
10 10 20 20 10 10 20 10 10 10 20 10 10 20 10 10 20
10 20 20 10 10 10 10 10 10 20 10 20 10 20 10 20 10
10 10 10 20 20 10 10 10 10 10 10 20 20 10 20 10 10
20 10 10 20 10 10 10 10 10 10 10 10 10 20 10 10 10
20 10 10 10 20 10 10 10 20 10 10 20 10 10 20 10 20
20 10 10 10 10 10 10 20 10 20 10 20 10 20 10 10 10
10 20 20 10 10 10 10 10 10 20 20 10 20 10 10 20 10
10 20 10 10 10 10 10 10 10 10 10 20 10 20 20 10 10
10 10 10 10 20 10 10 10 10 10 20 20 10

35
1 1 2 2 1 1 2 1 1 1 2 1 1 2 1 1 2 1 1 1 2 1 2 1 1
1 1 1 2 1 1 1 2 2 1

41
86 86 188 188 86 86 188 86 86 86 188 86 188 188 86
86 86 86 188 86 188 86 86 86 188 188 86 86 86 86
86 86 188 86 188 86 86 86 188 188 86

41
94 94 172 172 94 94 172 94 94 94 172 94 172 172 94
94 94 94 172 94 172 94 94 94 172 172 94 94 94 94
94 94 172 94 172 94 94 94 172 172 94

33
10 10 20 20 10 10 20 10 10 10 20 10 10 20 10 10 20
10 10 10 20 10 20 10 10 10 10 10 20 10 10 10 20

35
100 100 101 100 100 100 99 100 100 100 100 101 100 100 100 99 100
100 100 101 100 100 100 100 99 100 100 101 100 100 99 100 100 100 100

35
10 11 20 20 10 9 20 10 10 10 20 10 10 20 10 10 20
10 10 10 20 10 20 10 10 11 10 10 20 10 9 10 20 20 10

35
10 10 22 20 10 10 18 10 10 10 20 10 10 22 10 10 20
10 10 10 20 10 18 10 10 10 10 10 19 10 10 10 20 21 10

35
100 101 180 181 99 100 179 100 100 100 181 100 100 180 100 100 180
100 99 100 180 100 181 100 100 101 100 100 180 100 100 100 179 180 100

35
71 70 190 190 70 69 189 70 71 70 190 70 71 191 70 70 190
70 70 70 199 70 190 70 69 70 70 70 190 70 69 70 191 190 70

35
10 10 20 20 10 10 20 10 10 10 20 10 10 20 10 10 20
20 10 10 20 10 20 10 10 10 10 10 20 10 10 10 20 20 10

35
10 10 20 20 10 10 20 10 20 10 20 10 10 20 10 10 20
10 10 10 20 10 20 10 10 10 10 10 10 10 10 10 20 20 10

35
10 10 20 20 10 10 20 10 10 10 20 10 10 20 10 10 20
10 10 10 20 10 20 10 10 10 10 10 20 10 20 20 20 20 20

35
20 20 20 20 20 10 20 10 10 10 20 10 10 20 10 10 20
10 10 10 20 10 20 10 10 10 10 10 20 10 10 10 20 20 10

35
10 10 20 10 10 10 20 10 10 10 20 10 10 20 10 10 20
10 10 10 20 10 20 10 10 10 10 10 20 10 10 10 20 20 10

35
10 10 20 20 10 10 20 10 10 10 20 10 10 20 10 10 20
10 10 10 20 10 20 10 10 10 10 10 20 10 10 10 20 10 20

53
90 92 175 178 89 93 178 93 86 87 172 93 173 186 89
93 87 86 183 92 179 92 91 90 87 88 87 176 182 90
172 86 90 86 90 94 90 86 89 86 178 92 182 177 93
87 90 89 89 89 187 176 91

53
90 172 175 90 93 92 87 89 179 177 86 90 187 173 93
87 88 91 179 87 91 88 184 87 90 90 87 171 179 86
92 92 184 89 187 93 176 185 86 89 94 89 86 92 90
91 183 89 93 171 177 90 87

53
90 92 175 178 89 93 178 93 84 87 170 93 173 186 89
93 87 86 183 92 179 92 91 90 87 88 87 176 182 90
172 86 90 86 90 96 90 86 89 86 178 92 182 177 93
87 90 89 89 89 190 176 91

35
10 10 20 20 10 10 20 10 10 10 20 10 10 20 10 10 20
10 20 10 20 10 10 10 10 10 10 10 20 10 10 10 20 20 10

59
100 200 200 100 100 100 200 100 100 200
100 100 100 100 200 100 200 100 100 100
200 100 200 100 200 106 200 100 100 100
100 100 200 100 100 100 100 100 100 200
200 95 200 100 100 200 100 100 200 100
100 100 200 100 100 200 200 100 100

59
110 200 200 100 100 100 200 100 100 200
100 100 100 100 200 100 200 100 100 100
200 100 200 100 200 106 200 100 100 100
100 100 200 100 100 100 100 100 100 200
200 107 200 100 100 200 100 100 200 100
100 100 200 100 100 200 200 100 100

59
110 200 200 100 100 100 200 100 100 200
100 100 100 100 200 100 200 100 100 100
200 100 200 100 200 106 200 100 100 100
100 100 200 100 100 100 99 100 100 200
200 107 200 100 100 200 100 100 200 100
100 100 200 100 100 200 200 100 100

59
111 200 200 100 100 100 200 100 100 200
100 100 100 100 200 100 200 100 100 100
200 100 200 100 200 106 200 100 100 100
100 100 200 100 100 100 100 100 100 200
200 107 200 100 100 200 100 100 200 100
100 100 200 100 100 200 200 100 100

35
10 10 20 20 10 10 20 10 10 10
20 11 10 20 10 10 20 10 10 10
20 10 20 10 10 10 10 10 20 10
10 10 20 20 10

35
9 9 19 19 9 9 19 9 9 9 19 10 9 19 9 9 19 10 9 9 19 9 19 9 9
9 9 9 19 9 9 9 19 19 9

35
5 5 10 10 5 5 10 5 5 5 10 5 5 10 5 5 10 5 5 5 11 5 10 5 5
5 5 5 10 5 5 5 11 10 5

35
1 1 2 2 1 1
2 1 1 1 2 1
1 2 1 1 2 1
1 1 2 1 2 1
1 1 1 1 2 1
1 1 2 2 1

35
1 1 2 2 1 1
1 1 1 1 2 1
1 1 2 1 2 1
1 2 1 1 2 1
2 1 1 1 2 1
1 1 2 2 1

35
10 10 20 20 10 10 19 10 10 10
20 11 10 20 10 10 20 10 10 10
20 10 20 10 10 10 10 10 20 10
10 10 20 20 10

35
100 100 200 200 100 100 110 100 100 100
200 110 100 200 100 100 200 100 100 100
200 100 200 100 100 100 100 100 200 100
100 100 200 200 100

35
101 101 200 200 101 101 110 101 101 101
200 110 101 200 101 111 200 101 101 101
200 101 200 101 101 101 101 101 200 101
101 101 200 200 101

35
10 10 19 19 10 10
10 10 10 10 20 10
10 10 20 10 20 10
10 20 10 10 21 10
20 10 10 10 20 10
10 10 21 21 10

35
19 19 36 36 19 19
19 19 19 19 40 19
19 19 40 19 40 19
19 40 19 19 40 19
40 19 19 19 40 19
19 19 40 40 19

35
18 18 37 37 18 18
18 18 18 18 40 18
18 18 40 18 40 18
18 40 18 18 40 18
40 18 18 18 40 18
18 18 40 40 18

29
1 1 2 2 1 1
1 2 1 2 1 1
1 2 1 2 1 1
1 2 1 2 1 1
1 1 2 2 1

29
1 1 2 2 1 1
1 1 1 2 1 1
1 1 1 2 1 1
1 1 1 2 1 1
1 1 2 2 1

29
1 1 2 2 1 1
1 2 1 1 1 1
1 2 1 1 1 1
1 2 1 1 1 1
1 1 2 2 1

29
1 1 2 2 1 1
1 2 1 1 1 1
1 2 1 1 1 1
1 2 1 1 1 1
1 1 2 2 1

29
1 1 2 2 1 1
1 1 1 1 1 1
1 1 1 1 1 1
1 1 1 1 1 1
1 1 2 2 1

29
1 1 2 2 1 1
2 2 2 2 2 1
2 2 2 2 2 1
2 2 2 2 2 1
1 1 2 2 1

29
1 1 2 2 1 1
1 2 2 2 2 1
1 2 2 2 2 1
1 2 2 2 2 1
1 1 2 2 1

29
1 1 2 2 1 1
2 1 2 2 2 1
2 1 2 2 2 1
2 1 2 2 2 1
1 1 2 2 1

29
1 1 2 2 1 1
2 2 1 2 2 1
2 2 1 2 2 1
2 2 1 2 2 1
1 1 2 2 1

29
1 1 2 2 1 1
2 2 2 1 2 1
2 2 2 1 2 1
2 2 2 1 2 1
1 1 2 2 1

29
1 1 2 2 1 1
2 2 2 2 1 1
2 2 2 2 1 1
2 2 2 2 1 1
1 1 2 2 1

29
1 1 2 2 1 1
1 2 2 2 1 1
1 2 2 2 1 1
1 2 2 2 1 1
1 1 2 2 1

29
1 1 2 2 1 1
2 1 2 2 1 1
2 1 2 2 1 1
2 1 2 2 1 1
1 1 2 2 1

29
1 1 2 2 1 1
2 2 1 2 1 1
2 2 1 2 1 1
2 2 1 2 1 1
1 1 2 2 1

29
1 1 2 2 1 1
2 2 2 1 1 1
2 2 2 1 1 1
2 2 2 1 1 1
1 1 2 2 1

29
1 1 2 2 1 1
2 2 1 1 2 1
2 2 1 1 2 1
2 2 1 1 2 1
1 1 2 2 1

29
1 1 2 2 1 1
2 1 2 1 2 1
2 1 2 1 2 1
2 1 2 1 2 1
1 1 2 2 1

29
1 1 2 2 1 1
1 2 2 1 2 1
1 2 2 1 2 1
1 2 2 1 2 1
1 1 2 2 1

29
1 1 2 2 1 1
1 2 1 2 2 1
1 2 1 2 2 1
1 2 1 2 2 1
1 1 2 2 1

29
1 1 2 2 1 1
2 1 1 2 2 1
2 1 1 2 2 1
2 1 1 2 2 1
1 1 2 2 1

29
1 1 2 2 1 1
1 1 2 2 2 1
1 1 2 2 2 1
1 1 2 2 2 1
1 1 2 2 1

29
1 1 2 2 1 1
1 1 2 1 2 1
1 1 2 1 2 1
1 1 2 1 2 1
1 1 2 2 1

35
19 19 40 40 19 19
19 19 19 19 40 19
19 21 40 19 40 19
19 40 19 19 40 19
40 19 19 19 40 19
19 19 40 40 19

35
47 47 100 100 47 47
47 47 47 47 100 47
47 52 100 47 100 47
47 100 47 47 100 47
100 47 47 47 100 47
47 47 100 100 47

35
10 10 19 19 10 10
10 10 10 10 19 10
10 10 19 10 19 10
10 19 10 10 19 10
19 10 10 10 21 10
10 10 19 19 10

35
25 25 47 47 25 25
25 25 25 25 52 25
25 25 47 25 47 25
25 47 25 25 47 25
47 25 25 25 25 25
25 25 47 47 25

0
